3,7,1,1
2,5,1,1
2,6,1,1
1,6,1,1
3,8,1,1
4,9,2,2
1,7,1,1
3,7,1,1
1,5,1,1
2,6,1,1
4,8,1,1
2,7,2,1
2,5,1,1
1,5,1,1
5,10,1,1
5,11,1,2
4,9,1,2
3,7,1,1
5,9,2,1
3,9,1,1
4,7,2,1
3,8,1,2
1,8,1,1
3,6,2,2
2,7,2,1
3,5,2,1
3,7,2,2
3,7,1,1
3,7,1,1
2,6,2,1
2,6,2,1
4,7,1,2
3,10,1,1
4,11,1,1
2,6,1,1
3,6,1,1
4,7,1,1
2,6,1,1
1,5,1,1
3,7,1,1
3,7,1,1
1,2,1,1
1,6,1,1
3,7,2,3
3,9,2,2
2,5,1,1
3,9,2,1
1,6,1,1
4,8,1,1
3,6,1,1
9,6,7,6
7,6,7,7
8,6,8,7
4,2,6,6
7,4,7,7
5,4,7,6
7,6,7,7
2,2,5,5
8,5,7,6
3,4,6,6
3,1,5,5
5,5,6,7
6,1,6,5
6,5,7,6
4,5,5,6
8,6,7,6
4,5,7,7
5,4,6,5
6,1,7,7
4,3,6,5
5,6,8,8
6,4,6,6
7,3,8,7
6,4,7,6
7,5,7,6
8,5,7,6
8,4,8,6
8,5,8,8
6,5,7,7
5,3,5,5
4,2,6,5
4,2,6,5
5,4,6,6
6,4,8,7
4,5,7,7
6,7,7,7
8,6,7,7
7,2,7,6
4,5,6,6
4,3,6,6
4,3,7,6
6,5,7,6
5,3,6,6
3,2,5,5
4,4,6,6
5,5,6,6
5,5,6,6
6,5,7,6
3,3,4,5
5,4,6,6
7,6,10,11
5,4,8,9
9,5,10,10
7,5,9,8
7,5,9,10
11,5,11,10
2,3,7,8
10,5,10,8
8,3,9,8
9,8,10,11
7,6,8,9
7,4,9,9
8,5,9,10
5,3,8,9
5,4,8,11
7,6,9,11
7,5,9,8
11,9,11,10
11,3,11,11
6,1,8,7
8,6,9,11
4,4,8,9
11,4,11,9
7,4,8,8
8,6,9,10
9,6,10,8
6,4,8,8
6,5,8,8
7,4,9,10
9,5,9,7
10,4,10,9
11,9,11,9
7,4,9,10
7,4,8,7
6,3,9,6
11,5,10,11
7,7,9,11
7,6,9,8
6,5,8,8
8,6,9,10
8,6,9,11
8,6,8,11
5,4,8,9
8,6,10,11
8,6,9,11
8,5,8,11
7,3,8,9
7,5,8,9
6,7,9,11
5,5,8,8
